0,563
54,3
54,2
54,1
54,0
0,562
0,561
53,3
53,2
0,560
53,1
53,0
52,3
52,2
52,1
52,0
51,4
51,3
51,2
51,1
51,0
50,4
50,3
50,2
50,1
50,0
49,6
49,5
49,4
49,3
49,2
49,1
49,0
48,6
48,5
48,4
48,3
48,2
48,1
48,0
47,6
47,5
47,4
47,3
47,2
47,1
47,0
46,4
46,3
46,2
46,1
46,0
45,3
45,2
45,1
45,0
0,559
44,3
44,2
44,1
44,0
43,4
43,3
43,2
43,1
43,0
42,4
0,558
42,3
42,2
0,557
42,1
42,0
0,556
41,4
41,3
41,2
41,1
41,0
0,555
40,4
0,554
0,553
40,3
40,2
40,1
40,0
39,4
0,552
39,3
39,2
39,1
39,0
38,4
0,551
38,3
38,2
38,1
38,0
37,4
37,3
37,2
37,1
37,0
36,3
36,2
36,1
36,0
35,4
35,3
35,2
35,1
35,0
0,550
34,3
34,2
34,1
34,0
33,3
33,2
33,1
33,0
32,5
32,4
32,3
32,2
32,1
32,0
31,3
31,2
31,1
31,0
30,4
30,3
30,2
0,549
30,1
30,0
29,3
29,2
29,1
29,0
0,548
0,547
0,546
0,545
0,544
0,543
0,542
28,3
28,2
28,1
28,0
0,541
0,540
0,539
0,538
0,537
0,536
0,535
0,534
27,3
27,2
27,1
27,0
1,1
7,3
1,0
7,0
0,494
0,408
2,1
2,3
0,322
2,0
0,243
0,9
0,310
0,305
0,308
0,307
0,302
0,304
0,303
0,12
0,10
0,8
0,0
0,416
0,415
0,300
0,414
0,413
0,299
0,527
0,495
0,298
0,526
0,412
0,297
0,525
0,411
0,296
0,524
0,410
0,295
0,523
0,493
0,294
0,522
0,409
0,293
0,492
0,407
0,292
0,406
0,291
0,521
0,405
0,290
0,520
0,289
0,491
0,288
0,490
0,404
0,287
0,519
0,403
0,286
0,518
0,402
0,285
0,489
0,400
0,284
0,488
0,399
0,283
0,487
0,401
0,282
0,398
0,397
0,281
0,396
0,280
0,395
0,394
0,279
0,393
0,392
0,278
0,391
0,390
0,277
0,389
0,388
0,276
0,517
0,275
0,486
0,387
0,274
0,485
0,386
0,273
0,484
0,385
0,272
0,483
0,482
0,271
0,516
0,384
0,270
0,383
0,269
0,382
0,268
0,481
0,381
0,267
0,480
0,266
0,515
0,265
0,479
0,380
0,264
0,478
0,379
0,263
0,477
0,378
0,262
0,476
0,475
0,261
0,377
0,260
0,514
0,376
0,259
0,474
0,375
0,258
0,513
0,374
0,257
0,473
0,256
0,472
0,255
0,373
0,254
0,471
0,372
0,253
0,470
0,371
0,252
0,469
0,251
0,468
0,370
0,250
0,467
0,369
0,249
0,368
0,248
0,512
0,367
0,247
0,511
0,246
0,466
7,1
1,3
3,1
3,3
4,0
4,1
7,4
6,0
6,1
6,3
7,2
8,1
8,3
9,0
9,2
9,3
10,1
10,2
10,4
11,1
11,2
12,0
12,1
12,3
13,0
13,1
13,3
13,4
14,1
14,2
14,4
16,1
16,2
16,4
18,0
18,2
18,4
21,0
21,2
21,3
24,0
24,1
24,3
24,5
24,6
26,1
26,2
26,4
26,3
26,0
24,4
24,2
21,4
21,1
18,3
18,1
16,3
16,0
14,3
14,0
13,2
12,4
12,2
11,3
11,0
10,3
10,0
9,1
8,2
8,0
6,2
4,3
4,2
7,5
3,0
0,245
0,465
0,366
0,244
0,510
0,365
0,242
0,464
0,364
0,241
0,463
0,363
0,240
0,462
0,239
0,461
0,362
0,238
0,460
0,361
0,237
0,360
0,236
0,509
0,359
0,235
0,508
0,234
0,507
0,459
0,233
0,458
0,358
0,232
0,457
0,357
0,231
0,506
0,356
0,230
0,505
0,355
0,229
0,504
0,354
0,228
0,353
0,227
0,503
0,456
0,226
0,455
0,352
0,225
0,454
0,351
0,224
0,350
0,223
0,502
0,349
0,222
0,501
0,453
0,221
0,452
0,220
0,451
0,348
0,219
0,500
0,347
0,218
0,346
0,217
0,499
0,345
0,216
0,450
0,344
0,215
0,343
0,214
0,342
0,213
0,498
0,341
0,212
0,340
0,211
0,339
0,210
0,448
0,338
0,209
0,447
0,337
0,208
0,449
0,336
0,207
0,446
0,445
0,206
0,444
0,335
0,205
0,443
0,334
0,204
0,442
0,333
0,203
0,441
0,332
0,202
0,440
0,439
0,201
0,200
0,331
0,199
0,438
0,330
0,198
0,437
0,329
0,197
0,328
0,196
0,497
0,435
0,195
0,434
0,194
0,436
0,327
0,193
0,433
0,326
0,192
0,432
0,325
0,63
0,431
0,324
0,62
0,430
0,323
0,61
0,429
0,321
0,60
0,428
0,427
0,59
0,533
0,320
0,58
0,426
0,319
0,57
0,425
0,318
0,56
0,532
0,317
0,55
0,531
0,496
0,54
0,530
0,424
0,53
0,529
0,316
0,52
0,528
0,315
0,51
0,422
0,314
0,50
0,421
0,313
0,49
0,423
0,312
0,48
0,420
0,311
0,47
0,419
0,309
0,46
0,418
0,306
0,45
0,417
0,301
0,6
0,5
0,1
0,11
0,4
0,2
0,3
0,7
